25 40 16
-0.5 -0.5
-0.25 -0.5
0 -0.5
0.25 -0.5
0.5 -0.5
-0.5 -0.25
-0.25 -0.25
0 -0.25
0.25 -0.25
0.5 -0.25
-0.5 0
-0.25 0
0 0
0.25 0
0.5 0
-0.5 0.25
-0.25 0.25
0 0.25
0.25 0.25
0.5 0.25
-0.5 0.5
-0.25 0.5
0 0.5
0.25 0.5
0.5 0.5
0 1
1 2
2 3
3 4
5 6
6 7
7 8
8 9
10 11
11 12
12 13
13 14
15 16
16 17
17 18
18 19
21 20
22 21
23 22
24 23
5 0
10 5
15 10
20 15
1 6
6 11
11 16
16 21
2 7
7 12
12 17
17 22
3 8
8 13
13 18
18 23
4 9
9 14
14 19
19 24
0 -1
1 -1
2 -1
3 -1
4 0
5 1
6 2
7 3
8 4
9 5
10 6
11 7
12 8
13 9
14 10
15 11
12 -4
13 -4
14 -4
15 -4
0 -2
4 -2
8 -2
12 -2
0 1
4 5
8 9
12 13
1 2
5 6
9 10
13 14
2 3
6 7
10 11
14 15
3 -3
7 -3
11 -3
15 -3