81 144 64
-10 -10
-7.5 -10
-5 -10
-2.5 -10
0 -10
2.5 -10
5 -10
7.5 -10
10 -10
-10 -7.5
-7.5 -7.5
-5 -7.5
-2.5 -7.5
0 -7.5
2.5 -7.5
5 -7.5
7.5 -7.5
10 -7.5
-10 -5
-7.5 -5
-5 -5
-2.5 -5
0 -5
2.5 -5
5 -5
7.5 -5
10 -5
-10 -2.5
-7.5 -2.5
-5 -2.5
-2.5 -2.5
0 -2.5
2.5 -2.5
5 -2.5
7.5 -2.5
10 -2.5
-10 0
-7.5 0
-5 0
-2.5 0
0 0
2.5 0
5 0
7.5 0
10 0
-10 2.5
-7.5 2.5
-5 2.5
-2.5 2.5
0 2.5
2.5 2.5
5 2.5
7.5 2.5
10 2.5
-10 5
-7.5 5
-5 5
-2.5 5
0 5
2.5 5
5 5
7.5 5
10 5
-10 7.5
-7.5 7.5
-5 7.5
-2.5 7.5
0 7.5
2.5 7.5
5 7.5
7.5 7.5
10 7.5
-10 10
-7.5 10
-5 10
-2.5 10
0 10
2.5 10
5 10
7.5 10
10 10
0 1
1 2
2 3
3 4
4 5
5 6
6 7
7 8
9 10
10 11
11 12
12 13
13 14
14 15
15 16
16 17
18 19
19 20
20 21
21 22
22 23
23 24
24 25
25 26
27 28
28 29
29 30
30 31
31 32
32 33
33 34
34 35
36 37
37 38
38 39
39 40
40 41
41 42
42 43
43 44
45 46
46 47
47 48
48 49
49 50
50 51
51 52
52 53
54 55
55 56
56 57
57 58
58 59
59 60
60 61
61 62
63 64
64 65
65 66
66 67
67 68
68 69
69 70
70 71
73 72
74 73
75 74
76 75
77 76
78 77
79 78
80 79
9 0
18 9
27 18
36 27
45 36
54 45
63 54
72 63
1 10
10 19
19 28
28 37
37 46
46 55
55 64
64 73
2 11
11 20
20 29
29 38
38 47
47 56
56 65
65 74
3 12
12 21
21 30
30 39
39 48
48 57
57 66
66 75
4 13
13 22
22 31
31 40
40 49
49 58
58 67
67 76
5 14
14 23
23 32
32 41
41 50
50 59
59 68
68 77
6 15
15 24
24 33
33 42
42 51
51 60
60 69
69 78
7 16
16 25
25 34
34 43
43 52
52 61
61 70
70 79
8 17
17 26
26 35
35 44
44 53
53 62
62 71
71 80
0 -1
1 -1
2 -1
3 -1
4 -1
5 -1
6 -1
7 -1
8 0
9 1
10 2
11 3
12 4
13 5
14 6
15 7
16 8
17 9
18 10
19 11
20 12
21 13
22 14
23 15
24 16
25 17
26 18
27 19
28 20
29 21
30 22
31 23
32 24
33 25
34 26
35 27
36 28
37 29
38 30
39 31
40 32
41 33
42 34
43 35
44 36
45 37
46 38
47 39
48 40
49 41
50 42
51 43
52 44
53 45
54 46
55 47
56 48
57 49
58 50
59 51
60 52
61 53
62 54
63 55
56 -4
57 -4
58 -4
59 -4
60 -4
61 -4
62 -4
63 -4
0 -2
8 -2
16 -2
24 -2
32 -2
40 -2
48 -2
56 -2
0 1
8 9
16 17
24 25
32 33
40 41
48 49
56 57
1 2
9 10
17 18
25 26
33 34
41 42
49 50
57 58
2 3
10 11
18 19
26 27
34 35
42 43
50 51
58 59
3 4
11 12
19 20
27 28
35 36
43 44
51 52
59 60
4 5
12 13
20 21
28 29
36 37
44 45
52 53
60 61
5 6
13 14
21 22
29 30
37 38
45 46
53 54
61 62
6 7
14 15
22 23
30 31
38 39
46 47
54 55
62 63
7 -3
15 -3
23 -3
31 -3
39 -3
47 -3
55 -3
63 -3