625 1200 576
-5 -10
-3.75 -10
-2.5 -10
-1.25 -10
0 -10
1.25 -10
2.5 -10
3.75 -10
5 -10
6.25 -10
7.5 -10
8.75 -10
10 -10
11.25 -10
12.5 -10
13.75 -10
15 -10
16.25 -10
17.5 -10
18.75 -10
20 -10
21.25 -10
22.5 -10
23.75 -10
25 -10
-5 -9.58333
-3.75 -9.58333
-2.5 -9.58333
-1.25 -9.58333
0 -9.58333
1.25 -9.58333
2.5 -9.58333
3.75 -9.58333
5 -9.58333
6.25 -9.58333
7.5 -9.58333
8.75 -9.58333
10 -9.58333
11.25 -9.58333
12.5 -9.58333
13.75 -9.58333
15 -9.58333
16.25 -9.58333
17.5 -9.58333
18.75 -9.58333
20 -9.58333
21.25 -9.58333
22.5 -9.58333
23.75 -9.58333
25 -9.58333
-5 -9.16667
-3.75 -9.16667
-2.5 -9.16667
-1.25 -9.16667
0 -9.16667
1.25 -9.16667
2.5 -9.16667
3.75 -9.16667
5 -9.16667
6.25 -9.16667
7.5 -9.16667
8.75 -9.16667
10 -9.16667
11.25 -9.16667
12.5 -9.16667
13.75 -9.16667
15 -9.16667
16.25 -9.16667
17.5 -9.16667
18.75 -9.16667
20 -9.16667
21.25 -9.16667
22.5 -9.16667
23.75 -9.16667
25 -9.16667
-5 -8.75
-3.75 -8.75
-2.5 -8.75
-1.25 -8.75
0 -8.75
1.25 -8.75
2.5 -8.75
3.75 -8.75
5 -8.75
6.25 -8.75
7.5 -8.75
8.75 -8.75
10 -8.75
11.25 -8.75
12.5 -8.75
13.75 -8.75
15 -8.75
16.25 -8.75
17.5 -8.75
18.75 -8.75
20 -8.75
21.25 -8.75
22.5 -8.75
23.75 -8.75
25 -8.75
-5 -8.33333
-3.75 -8.33333
-2.5 -8.33333
-1.25 -8.33333
0 -8.33333
1.25 -8.33333
2.5 -8.33333
3.75 -8.33333
5 -8.33333
6.25 -8.33333
7.5 -8.33333
8.75 -8.33333
10 -8.33333
11.25 -8.33333
12.5 -8.33333
13.75 -8.33333
15 -8.33333
16.25 -8.33333
17.5 -8.33333
18.75 -8.33333
20 -8.33333
21.25 -8.33333
22.5 -8.33333
23.75 -8.33333
25 -8.33333
-5 -7.91667
-3.75 -7.91667
-2.5 -7.91667
-1.25 -7.91667
0 -7.91667
1.25 -7.91667
2.5 -7.91667
3.75 -7.91667
5 -7.91667
6.25 -7.91667
7.5 -7.91667
8.75 -7.91667
10 -7.91667
11.25 -7.91667
12.5 -7.91667
13.75 -7.91667
15 -7.91667
16.25 -7.91667
17.5 -7.91667
18.75 -7.91667
20 -7.91667
21.25 -7.91667
22.5 -7.91667
23.75 -7.91667
25 -7.91667
-5 -7.5
-3.75 -7.5
-2.5 -7.5
-1.25 -7.5
0 -7.5
1.25 -7.5
2.5 -7.5
3.75 -7.5
5 -7.5
6.25 -7.5
7.5 -7.5
8.75 -7.5
10 -7.5
11.25 -7.5
12.5 -7.5
13.75 -7.5
15 -7.5
16.25 -7.5
17.5 -7.5
18.75 -7.5
20 -7.5
21.25 -7.5
22.5 -7.5
23.75 -7.5
25 -7.5
-5 -7.08333
-3.75 -7.08333
-2.5 -7.08333
-1.25 -7.08333
0 -7.08333
1.25 -7.08333
2.5 -7.08333
3.75 -7.08333
5 -7.08333
6.25 -7.08333
7.5 -7.08333
8.75 -7.08333
10 -7.08333
11.25 -7.08333
12.5 -7.08333
13.75 -7.08333
15 -7.08333
16.25 -7.08333
17.5 -7.08333
18.75 -7.08333
20 -7.08333
21.25 -7.08333
22.5 -7.08333
23.75 -7.08333
25 -7.08333
-5 -6.66667
-3.75 -6.66667
-2.5 -6.66667
-1.25 -6.66667
0 -6.66667
1.25 -6.66667
2.5 -6.66667
3.75 -6.66667
5 -6.66667
6.25 -6.66667
7.5 -6.66667
8.75 -6.66667
10 -6.66667
11.25 -6.66667
12.5 -6.66667
13.75 -6.66667
15 -6.66667
16.25 -6.66667
17.5 -6.66667
18.75 -6.66667
20 -6.66667
21.25 -6.66667
22.5 -6.66667
23.75 -6.66667
25 -6.66667
-5 -6.25
-3.75 -6.25
-2.5 -6.25
-1.25 -6.25
0 -6.25
1.25 -6.25
2.5 -6.25
3.75 -6.25
5 -6.25
6.25 -6.25
7.5 -6.25
8.75 -6.25
10 -6.25
11.25 -6.25
12.5 -6.25
13.75 -6.25
15 -6.25
16.25 -6.25
17.5 -6.25
18.75 -6.25
20 -6.25
21.25 -6.25
22.5 -6.25
23.75 -6.25
25 -6.25
-5 -5.83333
-3.75 -5.83333
-2.5 -5.83333
-1.25 -5.83333
0 -5.83333
1.25 -5.83333
2.5 -5.83333
3.75 -5.83333
5 -5.83333
6.25 -5.83333
7.5 -5.83333
8.75 -5.83333
10 -5.83333
11.25 -5.83333
12.5 -5.83333
13.75 -5.83333
15 -5.83333
16.25 -5.83333
17.5 -5.83333
18.75 -5.83333
20 -5.83333
21.25 -5.83333
22.5 -5.83333
23.75 -5.83333
25 -5.83333
-5 -5.41667
-3.75 -5.41667
-2.5 -5.41667
-1.25 -5.41667
0 -5.41667
1.25 -5.41667
2.5 -5.41667
3.75 -5.41667
5 -5.41667
6.25 -5.41667
7.5 -5.41667
8.75 -5.41667
10 -5.41667
11.25 -5.41667
12.5 -5.41667
13.75 -5.41667
15 -5.41667
16.25 -5.41667
17.5 -5.41667
18.75 -5.41667
20 -5.41667
21.25 -5.41667
22.5 -5.41667
23.75 -5.41667
25 -5.41667
-5 -5
-3.75 -5
-2.5 -5
-1.25 -5
0 -5
1.25 -5
2.5 -5
3.75 -5
5 -5
6.25 -5
7.5 -5
8.75 -5
10 -5
11.25 -5
12.5 -5
13.75 -5
15 -5
16.25 -5
17.5 -5
18.75 -5
20 -5
21.25 -5
22.5 -5
23.75 -5
25 -5
-5 -4.58333
-3.75 -4.58333
-2.5 -4.58333
-1.25 -4.58333
0 -4.58333
1.25 -4.58333
2.5 -4.58333
3.75 -4.58333
5 -4.58333
6.25 -4.58333
7.5 -4.58333
8.75 -4.58333
10 -4.58333
11.25 -4.58333
12.5 -4.58333
13.75 -4.58333
15 -4.58333
16.25 -4.58333
17.5 -4.58333
18.75 -4.58333
20 -4.58333
21.25 -4.58333
22.5 -4.58333
23.75 -4.58333
25 -4.58333
-5 -4.16667
-3.75 -4.16667
-2.5 -4.16667
-1.25 -4.16667
0 -4.16667
1.25 -4.16667
2.5 -4.16667
3.75 -4.16667
5 -4.16667
6.25 -4.16667
7.5 -4.16667
8.75 -4.16667
10 -4.16667
11.25 -4.16667
12.5 -4.16667
13.75 -4.16667
15 -4.16667
16.25 -4.16667
17.5 -4.16667
18.75 -4.16667
20 -4.16667
21.25 -4.16667
22.5 -4.16667
23.75 -4.16667
25 -4.16667
-5 -3.75
-3.75 -3.75
-2.5 -3.75
-1.25 -3.75
0 -3.75
1.25 -3.75
2.5 -3.75
3.75 -3.75
5 -3.75
6.25 -3.75
7.5 -3.75
8.75 -3.75
10 -3.75
11.25 -3.75
12.5 -3.75
13.75 -3.75
15 -3.75
16.25 -3.75
17.5 -3.75
18.75 -3.75
20 -3.75
21.25 -3.75
22.5 -3.75
23.75 -3.75
25 -3.75
-5 -3.33333
-3.75 -3.33333
-2.5 -3.33333
-1.25 -3.33333
0 -3.33333
1.25 -3.33333
2.5 -3.33333
3.75 -3.33333
5 -3.33333
6.25 -3.33333
7.5 -3.33333
8.75 -3.33333
10 -3.33333
11.25 -3.33333
12.5 -3.33333
13.75 -3.33333
15 -3.33333
16.25 -3.33333
17.5 -3.33333
18.75 -3.33333
20 -3.33333
21.25 -3.33333
22.5 -3.33333
23.75 -3.33333
25 -3.33333
-5 -2.91667
-3.75 -2.91667
-2.5 -2.91667
-1.25 -2.91667
0 -2.91667
1.25 -2.91667
2.5 -2.91667
3.75 -2.91667
5 -2.91667
6.25 -2.91667
7.5 -2.91667
8.75 -2.91667
10 -2.91667
11.25 -2.91667
12.5 -2.91667
13.75 -2.91667
15 -2.91667
16.25 -2.91667
17.5 -2.91667
18.75 -2.91667
20 -2.91667
21.25 -2.91667
22.5 -2.91667
23.75 -2.91667
25 -2.91667
-5 -2.5
-3.75 -2.5
-2.5 -2.5
-1.25 -2.5
0 -2.5
1.25 -2.5
2.5 -2.5
3.75 -2.5
5 -2.5
6.25 -2.5
7.5 -2.5
8.75 -2.5
10 -2.5
11.25 -2.5
12.5 -2.5
13.75 -2.5
15 -2.5
16.25 -2.5
17.5 -2.5
18.75 -2.5
20 -2.5
21.25 -2.5
22.5 -2.5
23.75 -2.5
25 -2.5
-5 -2.08333
-3.75 -2.08333
-2.5 -2.08333
-1.25 -2.08333
0 -2.08333
1.25 -2.08333
2.5 -2.08333
3.75 -2.08333
5 -2.08333
6.25 -2.08333
7.5 -2.08333
8.75 -2.08333
10 -2.08333
11.25 -2.08333
12.5 -2.08333
13.75 -2.08333
15 -2.08333
16.25 -2.08333
17.5 -2.08333
18.75 -2.08333
20 -2.08333
21.25 -2.08333
22.5 -2.08333
23.75 -2.08333
25 -2.08333
-5 -1.66667
-3.75 -1.66667
-2.5 -1.66667
-1.25 -1.66667
0 -1.66667
1.25 -1.66667
2.5 -1.66667
3.75 -1.66667
5 -1.66667
6.25 -1.66667
7.5 -1.66667
8.75 -1.66667
10 -1.66667
11.25 -1.66667
12.5 -1.66667
13.75 -1.66667
15 -1.66667
16.25 -1.66667
17.5 -1.66667
18.75 -1.66667
20 -1.66667
21.25 -1.66667
22.5 -1.66667
23.75 -1.66667
25 -1.66667
-5 -1.25
-3.75 -1.25
-2.5 -1.25
-1.25 -1.25
0 -1.25
1.25 -1.25
2.5 -1.25
3.75 -1.25
5 -1.25
6.25 -1.25
7.5 -1.25
8.75 -1.25
10 -1.25
11.25 -1.25
12.5 -1.25
13.75 -1.25
15 -1.25
16.25 -1.25
17.5 -1.25
18.75 -1.25
20 -1.25
21.25 -1.25
22.5 -1.25
23.75 -1.25
25 -1.25
-5 -0.833333
-3.75 -0.833333
-2.5 -0.833333
-1.25 -0.833333
0 -0.833333
1.25 -0.833333
2.5 -0.833333
3.75 -0.833333
5 -0.833333
6.25 -0.833333
7.5 -0.833333
8.75 -0.833333
10 -0.833333
11.25 -0.833333
12.5 -0.833333
13.75 -0.833333
15 -0.833333
16.25 -0.833333
17.5 -0.833333
18.75 -0.833333
20 -0.833333
21.25 -0.833333
22.5 -0.833333
23.75 -0.833333
25 -0.833333
-5 -0.416667
-3.75 -0.416667
-2.5 -0.416667
-1.25 -0.416667
0 -0.416667
1.25 -0.416667
2.5 -0.416667
3.75 -0.416667
5 -0.416667
6.25 -0.416667
7.5 -0.416667
8.75 -0.416667
10 -0.416667
11.25 -0.416667
12.5 -0.416667
13.75 -0.416667
15 -0.416667
16.25 -0.416667
17.5 -0.416667
18.75 -0.416667
20 -0.416667
21.25 -0.416667
22.5 -0.416667
23.75 -0.416667
25 -0.416667
-5 0
-3.75 0
-2.5 0
-1.25 0
0 0
1.25 0
2.5 0
3.75 0
5 0
6.25 0
7.5 0
8.75 0
10 0
11.25 0
12.5 0
13.75 0
15 0
16.25 0
17.5 0
18.75 0
20 0
21.25 0
22.5 0
23.75 0
25 0
0 1
1 2
2 3
3 4
4 5
5 6
6 7
7 8
8 9
9 10
10 11
11 12
12 13
13 14
14 15
15 16
16 17
17 18
18 19
19 20
20 21
21 22
22 23
23 24
25 26
26 27
27 28
28 29
29 30
30 31
31 32
32 33
33 34
34 35
35 36
36 37
37 38
38 39
39 40
40 41
41 42
42 43
43 44
44 45
45 46
46 47
47 48
48 49
50 51
51 52
52 53
53 54
54 55
55 56
56 57
57 58
58 59
59 60
60 61
61 62
62 63
63 64
64 65
65 66
66 67
67 68
68 69
69 70
70 71
71 72
72 73
73 74
75 76
76 77
77 78
78 79
79 80
80 81
81 82
82 83
83 84
84 85
85 86
86 87
87 88
88 89
89 90
90 91
91 92
92 93
93 94
94 95
95 96
96 97
97 98
98 99
100 101
101 102
102 103
103 104
104 105
105 106
106 107
107 108
108 109
109 110
110 111
111 112
112 113
113 114
114 115
115 116
116 117
117 118
118 119
119 120
120 121
121 122
122 123
123 124
125 126
126 127
127 128
128 129
129 130
130 131
131 132
132 133
133 134
134 135
135 136
136 137
137 138
138 139
139 140
140 141
141 142
142 143
143 144
144 145
145 146
146 147
147 148
148 149
150 151
151 152
152 153
153 154
154 155
155 156
156 157
157 158
158 159
159 160
160 161
161 162
162 163
163 164
164 165
165 166
166 167
167 168
168 169
169 170
170 171
171 172
172 173
173 174
175 176
176 177
177 178
178 179
179 180
180 181
181 182
182 183
183 184
184 185
185 186
186 187
187 188
188 189
189 190
190 191
191 192
192 193
193 194
194 195
195 196
196 197
197 198
198 199
200 201
201 202
202 203
203 204
204 205
205 206
206 207
207 208
208 209
209 210
210 211
211 212
212 213
213 214
214 215
215 216
216 217
217 218
218 219
219 220
220 221
221 222
222 223
223 224
225 226
226 227
227 228
228 229
229 230
230 231
231 232
232 233
233 234
234 235
235 236
236 237
237 238
238 239
239 240
240 241
241 242
242 243
243 244
244 245
245 246
246 247
247 248
248 249
250 251
251 252
252 253
253 254
254 255
255 256
256 257
257 258
258 259
259 260
260 261
261 262
262 263
263 264
264 265
265 266
266 267
267 268
268 269
269 270
270 271
271 272
272 273
273 274
275 276
276 277
277 278
278 279
279 280
280 281
281 282
282 283
283 284
284 285
285 286
286 287
287 288
288 289
289 290
290 291
291 292
292 293
293 294
294 295
295 296
296 297
297 298
298 299
300 301
301 302
302 303
303 304
304 305
305 306
306 307
307 308
308 309
309 310
310 311
311 312
312 313
313 314
314 315
315 316
316 317
317 318
318 319
319 320
320 321
321 322
322 323
323 324
325 326
326 327
327 328
328 329
329 330
330 331
331 332
332 333
333 334
334 335
335 336
336 337
337 338
338 339
339 340
340 341
341 342
342 343
343 344
344 345
345 346
346 347
347 348
348 349
350 351
351 352
352 353
353 354
354 355
355 356
356 357
357 358
358 359
359 360
360 361
361 362
362 363
363 364
364 365
365 366
366 367
367 368
368 369
369 370
370 371
371 372
372 373
373 374
375 376
376 377
377 378
378 379
379 380
380 381
381 382
382 383
383 384
384 385
385 386
386 387
387 388
388 389
389 390
390 391
391 392
392 393
393 394
394 395
395 396
396 397
397 398
398 399
400 401
401 402
402 403
403 404
404 405
405 406
406 407
407 408
408 409
409 410
410 411
411 412
412 413
413 414
414 415
415 416
416 417
417 418
418 419
419 420
420 421
421 422
422 423
423 424
425 426
426 427
427 428
428 429
429 430
430 431
431 432
432 433
433 434
434 435
435 436
436 437
437 438
438 439
439 440
440 441
441 442
442 443
443 444
444 445
445 446
446 447
447 448
448 449
450 451
451 452
452 453
453 454
454 455
455 456
456 457
457 458
458 459
459 460
460 461
461 462
462 463
463 464
464 465
465 466
466 467
467 468
468 469
469 470
470 471
471 472
472 473
473 474
475 476
476 477
477 478
478 479
479 480
480 481
481 482
482 483
483 484
484 485
485 486
486 487
487 488
488 489
489 490
490 491
491 492
492 493
493 494
494 495
495 496
496 497
497 498
498 499
500 501
501 502
502 503
503 504
504 505
505 506
506 507
507 508
508 509
509 510
510 511
511 512
512 513
513 514
514 515
515 516
516 517
517 518
518 519
519 520
520 521
521 522
522 523
523 524
525 526
526 527
527 528
528 529
529 530
530 531
531 532
532 533
533 534
534 535
535 536
536 537
537 538
538 539
539 540
540 541
541 542
542 543
543 544
544 545
545 546
546 547
547 548
548 549
550 551
551 552
552 553
553 554
554 555
555 556
556 557
557 558
558 559
559 560
560 561
561 562
562 563
563 564
564 565
565 566
566 567
567 568
568 569
569 570
570 571
571 572
572 573
573 574
575 576
576 577
577 578
578 579
579 580
580 581
581 582
582 583
583 584
584 585
585 586
586 587
587 588
588 589
589 590
590 591
591 592
592 593
593 594
594 595
595 596
596 597
597 598
598 599
601 600
602 601
603 602
604 603
605 604
606 605
607 606
608 607
609 608
610 609
611 610
612 611
613 612
614 613
615 614
616 615
617 616
618 617
619 618
620 619
621 620
622 621
623 622
624 623
25 0
50 25
75 50
100 75
125 100
150 125
175 150
200 175
225 200
250 225
275 250
300 275
325 300
350 325
375 350
400 375
425 400
450 425
475 450
500 475
525 500
550 525
575 550
600 575
1 26
26 51
51 76
76 101
101 126
126 151
151 176
176 201
201 226
226 251
251 276
276 301
301 326
326 351
351 376
376 401
401 426
426 451
451 476
476 501
501 526
526 551
551 576
576 601
2 27
27 52
52 77
77 102
102 127
127 152
152 177
177 202
202 227
227 252
252 277
277 302
302 327
327 352
352 377
377 402
402 427
427 452
452 477
477 502
502 527
527 552
552 577
577 602
3 28
28 53
53 78
78 103
103 128
128 153
153 178
178 203
203 228
228 253
253 278
278 303
303 328
328 353
353 378
378 403
403 428
428 453
453 478
478 503
503 528
528 553
553 578
578 603
4 29
29 54
54 79
79 104
104 129
129 154
154 179
179 204
204 229
229 254
254 279
279 304
304 329
329 354
354 379
379 404
404 429
429 454
454 479
479 504
504 529
529 554
554 579
579 604
5 30
30 55
55 80
80 105
105 130
130 155
155 180
180 205
205 230
230 255
255 280
280 305
305 330
330 355
355 380
380 405
405 430
430 455
455 480
480 505
505 530
530 555
555 580
580 605
6 31
31 56
56 81
81 106
106 131
131 156
156 181
181 206
206 231
231 256
256 281
281 306
306 331
331 356
356 381
381 406
406 431
431 456
456 481
481 506
506 531
531 556
556 581
581 606
7 32
32 57
57 82
82 107
107 132
132 157
157 182
182 207
207 232
232 257
257 282
282 307
307 332
332 357
357 382
382 407
407 432
432 457
457 482
482 507
507 532
532 557
557 582
582 607
8 33
33 58
58 83
83 108
108 133
133 158
158 183
183 208
208 233
233 258
258 283
283 308
308 333
333 358
358 383
383 408
408 433
433 458
458 483
483 508
508 533
533 558
558 583
583 608
9 34
34 59
59 84
84 109
109 134
134 159
159 184
184 209
209 234
234 259
259 284
284 309
309 334
334 359
359 384
384 409
409 434
434 459
459 484
484 509
509 534
534 559
559 584
584 609
10 35
35 60
60 85
85 110
110 135
135 160
160 185
185 210
210 235
235 260
260 285
285 310
310 335
335 360
360 385
385 410
410 435
435 460
460 485
485 510
510 535
535 560
560 585
585 610
11 36
36 61
61 86
86 111
111 136
136 161
161 186
186 211
211 236
236 261
261 286
286 311
311 336
336 361
361 386
386 411
411 436
436 461
461 486
486 511
511 536
536 561
561 586
586 611
12 37
37 62
62 87
87 112
112 137
137 162
162 187
187 212
212 237
237 262
262 287
287 312
312 337
337 362
362 387
387 412
412 437
437 462
462 487
487 512
512 537
537 562
562 587
587 612
13 38
38 63
63 88
88 113
113 138
138 163
163 188
188 213
213 238
238 263
263 288
288 313
313 338
338 363
363 388
388 413
413 438
438 463
463 488
488 513
513 538
538 563
563 588
588 613
14 39
39 64
64 89
89 114
114 139
139 164
164 189
189 214
214 239
239 264
264 289
289 314
314 339
339 364
364 389
389 414
414 439
439 464
464 489
489 514
514 539
539 564
564 589
589 614
15 40
40 65
65 90
90 115
115 140
140 165
165 190
190 215
215 240
240 265
265 290
290 315
315 340
340 365
365 390
390 415
415 440
440 465
465 490
490 515
515 540
540 565
565 590
590 615
16 41
41 66
66 91
91 116
116 141
141 166
166 191
191 216
216 241
241 266
266 291
291 316
316 341
341 366
366 391
391 416
416 441
441 466
466 491
491 516
516 541
541 566
566 591
591 616
17 42
42 67
67 92
92 117
117 142
142 167
167 192
192 217
217 242
242 267
267 292
292 317
317 342
342 367
367 392
392 417
417 442
442 467
467 492
492 517
517 542
542 567
567 592
592 617
18 43
43 68
68 93
93 118
118 143
143 168
168 193
193 218
218 243
243 268
268 293
293 318
318 343
343 368
368 393
393 418
418 443
443 468
468 493
493 518
518 543
543 568
568 593
593 618
19 44
44 69
69 94
94 119
119 144
144 169
169 194
194 219
219 244
244 269
269 294
294 319
319 344
344 369
369 394
394 419
419 444
444 469
469 494
494 519
519 544
544 569
569 594
594 619
20 45
45 70
70 95
95 120
120 145
145 170
170 195
195 220
220 245
245 270
270 295
295 320
320 345
345 370
370 395
395 420
420 445
445 470
470 495
495 520
520 545
545 570
570 595
595 620
21 46
46 71
71 96
96 121
121 146
146 171
171 196
196 221
221 246
246 271
271 296
296 321
321 346
346 371
371 396
396 421
421 446
446 471
471 496
496 521
521 546
546 571
571 596
596 621
22 47
47 72
72 97
97 122
122 147
147 172
172 197
197 222
222 247
247 272
272 297
297 322
322 347
347 372
372 397
397 422
422 447
447 472
472 497
497 522
522 547
547 572
572 597
597 622
23 48
48 73
73 98
98 123
123 148
148 173
173 198
198 223
223 248
248 273
273 298
298 323
323 348
348 373
373 398
398 423
423 448
448 473
473 498
498 523
523 548
548 573
573 598
598 623
24 49
49 74
74 99
99 124
124 149
149 174
174 199
199 224
224 249
249 274
274 299
299 324
324 349
349 374
374 399
399 424
424 449
449 474
474 499
499 524
524 549
549 574
574 599
599 624
0 -1
1 -1
2 -1
3 -1
4 -1
5 -1
6 -1
7 -1
8 -1
9 -1
10 -1
11 -1
12 -1
13 -1
14 -1
15 -1
16 -1
17 -1
18 -1
19 -1
20 -1
21 -1
22 -1
23 -1
24 0
25 1
26 2
27 3
28 4
29 5
30 6
31 7
32 8
33 9
34 10
35 11
36 12
37 13
38 14
39 15
40 16
41 17
42 18
43 19
44 20
45 21
46 22
47 23
48 24
49 25
50 26
51 27
52 28
53 29
54 30
55 31
56 32
57 33
58 34
59 35
60 36
61 37
62 38
63 39
64 40
65 41
66 42
67 43
68 44
69 45
70 46
71 47
72 48
73 49
74 50
75 51
76 52
77 53
78 54
79 55
80 56
81 57
82 58
83 59
84 60
85 61
86 62
87 63
88 64
89 65
90 66
91 67
92 68
93 69
94 70
95 71
96 72
97 73
98 74
99 75
100 76
101 77
102 78
103 79
104 80
105 81
106 82
107 83
108 84
109 85
110 86
111 87
112 88
113 89
114 90
115 91
116 92
117 93
118 94
119 95
120 96
121 97
122 98
123 99
124 100
125 101
126 102
127 103
128 104
129 105
130 106
131 107
132 108
133 109
134 110
135 111
136 112
137 113
138 114
139 115
140 116
141 117
142 118
143 119
144 120
145 121
146 122
147 123
148 124
149 125
150 126
151 127
152 128
153 129
154 130
155 131
156 132
157 133
158 134
159 135
160 136
161 137
162 138
163 139
164 140
165 141
166 142
167 143
168 144
169 145
170 146
171 147
172 148
173 149
174 150
175 151
176 152
177 153
178 154
179 155
180 156
181 157
182 158
183 159
184 160
185 161
186 162
187 163
188 164
189 165
190 166
191 167
192 168
193 169
194 170
195 171
196 172
197 173
198 174
199 175
200 176
201 177
202 178
203 179
204 180
205 181
206 182
207 183
208 184
209 185
210 186
211 187
212 188
213 189
214 190
215 191
216 192
217 193
218 194
219 195
220 196
221 197
222 198
223 199
224 200
225 201
226 202
227 203
228 204
229 205
230 206
231 207
232 208
233 209
234 210
235 211
236 212
237 213
238 214
239 215
240 216
241 217
242 218
243 219
244 220
245 221
246 222
247 223
248 224
249 225
250 226
251 227
252 228
253 229
254 230
255 231
256 232
257 233
258 234
259 235
260 236
261 237
262 238
263 239
264 240
265 241
266 242
267 243
268 244
269 245
270 246
271 247
272 248
273 249
274 250
275 251
276 252
277 253
278 254
279 255
280 256
281 257
282 258
283 259
284 260
285 261
286 262
287 263
288 264
289 265
290 266
291 267
292 268
293 269
294 270
295 271
296 272
297 273
298 274
299 275
300 276
301 277
302 278
303 279
304 280
305 281
306 282
307 283
308 284
309 285
310 286
311 287
312 288
313 289
314 290
315 291
316 292
317 293
318 294
319 295
320 296
321 297
322 298
323 299
324 300
325 301
326 302
327 303
328 304
329 305
330 306
331 307
332 308
333 309
334 310
335 311
336 312
337 313
338 314
339 315
340 316
341 317
342 318
343 319
344 320
345 321
346 322
347 323
348 324
349 325
350 326
351 327
352 328
353 329
354 330
355 331
356 332
357 333
358 334
359 335
360 336
361 337
362 338
363 339
364 340
365 341
366 342
367 343
368 344
369 345
370 346
371 347
372 348
373 349
374 350
375 351
376 352
377 353
378 354
379 355
380 356
381 357
382 358
383 359
384 360
385 361
386 362
387 363
388 364
389 365
390 366
391 367
392 368
393 369
394 370
395 371
396 372
397 373
398 374
399 375
400 376
401 377
402 378
403 379
404 380
405 381
406 382
407 383
408 384
409 385
410 386
411 387
412 388
413 389
414 390
415 391
416 392
417 393
418 394
419 395
420 396
421 397
422 398
423 399
424 400
425 401
426 402
427 403
428 404
429 405
430 406
431 407
432 408
433 409
434 410
435 411
436 412
437 413
438 414
439 415
440 416
441 417
442 418
443 419
444 420
445 421
446 422
447 423
448 424
449 425
450 426
451 427
452 428
453 429
454 430
455 431
456 432
457 433
458 434
459 435
460 436
461 437
462 438
463 439
464 440
465 441
466 442
467 443
468 444
469 445
470 446
471 447
472 448
473 449
474 450
475 451
476 452
477 453
478 454
479 455
480 456
481 457
482 458
483 459
484 460
485 461
486 462
487 463
488 464
489 465
490 466
491 467
492 468
493 469
494 470
495 471
496 472
497 473
498 474
499 475
500 476
501 477
502 478
503 479
504 480
505 481
506 482
507 483
508 484
509 485
510 486
511 487
512 488
513 489
514 490
515 491
516 492
517 493
518 494
519 495
520 496
521 497
522 498
523 499
524 500
525 501
526 502
527 503
528 504
529 505
530 506
531 507
532 508
533 509
534 510
535 511
536 512
537 513
538 514
539 515
540 516
541 517
542 518
543 519
544 520
545 521
546 522
547 523
548 524
549 525
550 526
551 527
552 528
553 529
554 530
555 531
556 532
557 533
558 534
559 535
560 536
561 537
562 538
563 539
564 540
565 541
566 542
567 543
568 544
569 545
570 546
571 547
572 548
573 549
574 550
575 551
552 -4
553 -4
554 -4
555 -4
556 -4
557 -4
558 -4
559 -4
560 -4
561 -4
562 -4
563 -4
564 -4
565 -4
566 -4
567 -4
568 -4
569 -4
570 -4
571 -4
572 -4
573 -4
574 -4
575 -4
0 -2
24 -2
48 -2
72 -2
96 -2
120 -2
144 -2
168 -2
192 -2
216 -2
240 -2
264 -2
288 -2
312 -2
336 -2
360 -2
384 -2
408 -2
432 -2
456 -2
480 -2
504 -2
528 -2
552 -2
0 1
24 25
48 49
72 73
96 97
120 121
144 145
168 169
192 193
216 217
240 241
264 265
288 289
312 313
336 337
360 361
384 385
408 409
432 433
456 457
480 481
504 505
528 529
552 553
1 2
25 26
49 50
73 74
97 98
121 122
145 146
169 170
193 194
217 218
241 242
265 266
289 290
313 314
337 338
361 362
385 386
409 410
433 434
457 458
481 482
505 506
529 530
553 554
2 3
26 27
50 51
74 75
98 99
122 123
146 147
170 171
194 195
218 219
242 243
266 267
290 291
314 315
338 339
362 363
386 387
410 411
434 435
458 459
482 483
506 507
530 531
554 555
3 4
27 28
51 52
75 76
99 100
123 124
147 148
171 172
195 196
219 220
243 244
267 268
291 292
315 316
339 340
363 364
387 388
411 412
435 436
459 460
483 484
507 508
531 532
555 556
4 5
28 29
52 53
76 77
100 101
124 125
148 149
172 173
196 197
220 221
244 245
268 269
292 293
316 317
340 341
364 365
388 389
412 413
436 437
460 461
484 485
508 509
532 533
556 557
5 6
29 30
53 54
77 78
101 102
125 126
149 150
173 174
197 198
221 222
245 246
269 270
293 294
317 318
341 342
365 366
389 390
413 414
437 438
461 462
485 486
509 510
533 534
557 558
6 7
30 31
54 55
78 79
102 103
126 127
150 151
174 175
198 199
222 223
246 247
270 271
294 295
318 319
342 343
366 367
390 391
414 415
438 439
462 463
486 487
510 511
534 535
558 559
7 8
31 32
55 56
79 80
103 104
127 128
151 152
175 176
199 200
223 224
247 248
271 272
295 296
319 320
343 344
367 368
391 392
415 416
439 440
463 464
487 488
511 512
535 536
559 560
8 9
32 33
56 57
80 81
104 105
128 129
152 153
176 177
200 201
224 225
248 249
272 273
296 297
320 321
344 345
368 369
392 393
416 417
440 441
464 465
488 489
512 513
536 537
560 561
9 10
33 34
57 58
81 82
105 106
129 130
153 154
177 178
201 202
225 226
249 250
273 274
297 298
321 322
345 346
369 370
393 394
417 418
441 442
465 466
489 490
513 514
537 538
561 562
10 11
34 35
58 59
82 83
106 107
130 131
154 155
178 179
202 203
226 227
250 251
274 275
298 299
322 323
346 347
370 371
394 395
418 419
442 443
466 467
490 491
514 515
538 539
562 563
11 12
35 36
59 60
83 84
107 108
131 132
155 156
179 180
203 204
227 228
251 252
275 276
299 300
323 324
347 348
371 372
395 396
419 420
443 444
467 468
491 492
515 516
539 540
563 564
12 13
36 37
60 61
84 85
108 109
132 133
156 157
180 181
204 205
228 229
252 253
276 277
300 301
324 325
348 349
372 373
396 397
420 421
444 445
468 469
492 493
516 517
540 541
564 565
13 14
37 38
61 62
85 86
109 110
133 134
157 158
181 182
205 206
229 230
253 254
277 278
301 302
325 326
349 350
373 374
397 398
421 422
445 446
469 470
493 494
517 518
541 542
565 566
14 15
38 39
62 63
86 87
110 111
134 135
158 159
182 183
206 207
230 231
254 255
278 279
302 303
326 327
350 351
374 375
398 399
422 423
446 447
470 471
494 495
518 519
542 543
566 567
15 16
39 40
63 64
87 88
111 112
135 136
159 160
183 184
207 208
231 232
255 256
279 280
303 304
327 328
351 352
375 376
399 400
423 424
447 448
471 472
495 496
519 520
543 544
567 568
16 17
40 41
64 65
88 89
112 113
136 137
160 161
184 185
208 209
232 233
256 257
280 281
304 305
328 329
352 353
376 377
400 401
424 425
448 449
472 473
496 497
520 521
544 545
568 569
17 18
41 42
65 66
89 90
113 114
137 138
161 162
185 186
209 210
233 234
257 258
281 282
305 306
329 330
353 354
377 378
401 402
425 426
449 450
473 474
497 498
521 522
545 546
569 570
18 19
42 43
66 67
90 91
114 115
138 139
162 163
186 187
210 211
234 235
258 259
282 283
306 307
330 331
354 355
378 379
402 403
426 427
450 451
474 475
498 499
522 523
546 547
570 571
19 20
43 44
67 68
91 92
115 116
139 140
163 164
187 188
211 212
235 236
259 260
283 284
307 308
331 332
355 356
379 380
403 404
427 428
451 452
475 476
499 500
523 524
547 548
571 572
20 21
44 45
68 69
92 93
116 117
140 141
164 165
188 189
212 213
236 237
260 261
284 285
308 309
332 333
356 357
380 381
404 405
428 429
452 453
476 477
500 501
524 525
548 549
572 573
21 22
45 46
69 70
93 94
117 118
141 142
165 166
189 190
213 214
237 238
261 262
285 286
309 310
333 334
357 358
381 382
405 406
429 430
453 454
477 478
501 502
525 526
549 550
573 574
22 23
46 47
70 71
94 95
118 119
142 143
166 167
190 191
214 215
238 239
262 263
286 287
310 311
334 335
358 359
382 383
406 407
430 431
454 455
478 479
502 503
526 527
550 551
574 575
23 -3
47 -3
71 -3
95 -3
119 -3
143 -3
167 -3
191 -3
215 -3
239 -3
263 -3
287 -3
311 -3
335 -3
359 -3
383 -3
407 -3
431 -3
455 -3
479 -3
503 -3
527 -3
551 -3
575 -3